---------------------------- ASes --------------------------
Total=57147
Universities=3156 (5.522599611528165 %)
National=3413 (5.972317007016991 %)
Telecom=8267 (14.46620120041297 %)
Enterprise=24024 (42.03895217596724 %)
